0000   48 7d 2e 63 4e 2b 5c 87 9c d6 a1 5f 08 00 45 00
0010   00 49 0c 5e 40 00 80 06 00 00 c0 a8 01 68 2f 69
0020   55 1c f1 19 10 e1 6d 27 13 7e 00 cd 2b cd 50 18
0030   02 05 46 d1 00 00 02 01 6e 61 6e 6a 69 6e 67 00
0040   00 00 00 00 00 00 00 00 00 00 00 00 00 00 00 00
0050   00 00 00 00 00 00 01


0000   5c 87 9c d6 a1 5f 48 7d 2e 63 4e 2b 08 00 45 00
0010   00 a7 a7 c0 40 00 34 06 57 fb 2f 69 55 1c c0 a8
0020   01 68 10 e1 f1 19 00 cd 2b cd 6d 27 13 9f 50 18
0030   01 f6 35 47 00 00 03 41 6e 61 6e 6a 69 6e 67 00
0040   00 00 00 00 00 00 00 00 00 00 00 00 00 00 00 00
0050   00 00 00 00 00 00 07 e6 03 16 01 02 13 00 00 00
0060   00 00 00 00 00 00 00 00 00 00 00 00 00 00 00 00
0070   00 00 00 00 00 00 00 00 00 00 00 00 00 00 00 00
0080   00 00 00 00 00 00 00 00 00 00 00 00 00 2e 2e 20
0090   2e 2d 2e 2e 20 2d 2d 2d 2d 2d 20 2e 2e 2e 2d 20
00a0   2e 20 2d 2e 20 2e 2d 2d 2e 20 2d 2e 2e 00 00 00
00b0   00 00 00 00 00

